4062842219920688455
7940160024109974855
 -6861201626219870905
 4043701921504363847 
-3052282241371273913 
7490644486303057223 
1846508253300983111
 -9140585987622763193
 -2653432199372274361  
2998866807954408775
4851816579640657223 
-6696257289867426489
 199598164566934855
 -4874551240596060857 
-302834668861586105
 5983908935970915655 
7715824467671582023
 9012579685377574215 
7727364941716718919 
-7500994248283191993
 -3094784962854582969
8073297688094115143  
-1766504547756997305 
-5883920507080473273 
-2096956170415307449 
-2290892429368949433
 -9049669570145221305
 805613789424977223 
3138196921426183495
 7597042027499685191
 9180338771497125191
 -362788838900955833
 5504838525609379143
 6100158101352416583 
-5755849392677124793
 -828911400333802169
 5449669430174090567
8181947029104428359
 131199745226245447
 -1467859597466991289
 -866910522189740729

